jogo;rod;ano;man;vis;vm;em;vv;r;golman;golvis
1;1;2017;AVAÍ;VITÓRIA;40;30;30;1;;
2;1;2017;BAHIA;ATHLETICO-PR;40;30;30;1;;
3;1;2017;CORINTHIANS;CHAPECOENSE;40;30;30;1;;
4;1;2017;CORITIBA;ATLÉTICO-GO;40;30;30;1;;
5;1;2017;CRUZEIRO;SÃO PAULO;40;30;30;1;;
6;1;2017;FLAMENGO;ATLÉTICO-MG;40;30;30;1;;
7;1;2017;FLUMINENSE;SANTOS;40;30;30;1;;
8;1;2017;GRÊMIO;BOTAFOGO;40;30;30;1;;
9;1;2017;PALMEIRAS;VASCO DA GAMA;40;30;30;1;;
10;1;2017;PONTE PRETA;SPORT;40;30;30;1;;
11;2;2017;ATLÉTICO-GO;FLAMENGO;40;30;30;1;;
12;2;2017;ATLÉTICO-MG;FLUMINENSE;40;30;30;1;;
13;2;2017;ATLÉTICO-PR;GRÊMIO;40;30;30;1;;
14;2;2017;BOTAFOGO;PONTE PRETA;40;30;30;1;;
15;2;2017;CHAPECOENSE;PALMEIRAS;40;30;30;1;;
16;2;2017;SANTOS;CORITIBA;40;30;30;1;;
17;2;2017;SÃO PAULO;AVAÍ;40;30;30;1;;
18;2;2017;SPORT;CRUZEIRO;40;30;30;1;;
19;2;2017;VASCO DA GAMA;BAHIA;40;30;30;1;;
20;2;2017;VITÓRIA;CORINTHIANS;40;30;30;1;;
21;3;2017;ATLÉTICO-GO;CORINTHIANS;35.56;26.67;37.77;2;;
22;3;2017;ATLÉTICO-MG;PONTE PRETA;41.22;26.34;32.44;1;;
23;3;2017;ATLÉTICO-PR;FLAMENGO;35.56;26.67;37.77;2;;
24;3;2017;BOTAFOGO;BAHIA;46.66;26.67;26.67;1;;
25;3;2017;CHAPECOENSE;AVAÍ;46.66;26.67;26.67;1;;
26;3;2017;SANTOS;CRUZEIRO;39;35.5;25.5;1;;
27;3;2017;SÃO PAULO;PALMEIRAS;36.5;27;36.5;2;;
28;3;2017;SPORT;GRÊMIO;34;35.5;30.5;3;;
29;3;2017;VASCO DA GAMA;FLUMINENSE;36.5;27;36.5;2;;
30;3;2017;VITÓRIA;CORITIBA;41.22;26.34;32.44;1;;
31;4;2017;AVAÍ;SPORT;39.66;35.17;25.17;1;;
32;4;2017;BAHIA;ATLÉTICO-GO;46.66;26.67;26.67;1;;
33;4;2017;CORINTHIANS;SANTOS;33.95;33.85;32.2;1;;
34;4;2017;CORITIBA;ATLÉTICO-PR;38.41;34.04;27.55;1;;
35;4;2017;CRUZEIRO;CHAPECOENSE;39;35.5;25.5;1;;
36;4;2017;FLAMENGO;BOTAFOGO;28.15;34.15;37.7;2;;
37;4;2017;FLUMINENSE;VITÓRIA;36.2;33.85;29.95;1;;
38;4;2017;GRÊMIO;VASCO DA GAMA;46.66;26.67;26.67;1;;
39;4;2017;PALMEIRAS;ATLÉTICO-MG;36.2;33.85;29.95;1;;
40;4;2017;PONTE PRETA;SÃO PAULO;46.66;26.67;26.67;1;;
41;5;2017;ATLÉTICO-GO;PONTE PRETA;34.35;32.1;33.55;1;;
42;5;2017;ATLÉTICO-MG;AVAÍ;40.92;32.1;26.98;1;;
43;5;2017;BAHIA;CRUZEIRO;39.58;32.21;28.21;1;;
44;5;2017;CHAPECOENSE;GRÊMIO;47.6;24;28.39;1;;
45;5;2017;CORITIBA;PALMEIRAS;49.21;25.39;25.39;1;;
46;5;2017;FLUMINENSE;ATLÉTICO-PR;46.48;23.98;29.54;1;;
47;5;2017;SANTOS;BOTAFOGO;41.48;23.63;34.89;1;;
48;5;2017;SÃO PAULO;VITÓRIA;45.59;31.63;22.78;1;;
49;5;2017;SPORT;FLAMENGO;33.8;40.6;25.6;3;;
50;5;2017;VASCO DA GAMA;CORINTHIANS;41.9;24.3;33.8;1;;
51;6;2017;ATLÉTICO-PR;SANTOS;36.29;31.63;32.08;1;;
52;6;2017;AVAÍ;FLAMENGO;36.96;38.8;24.25;3;;
53;6;2017;BOTAFOGO;CORITIBA;42.05;31.37;26.57;1;;
54;6;2017;CORINTHIANS;SÃO PAULO;30.85;30.82;38.32;2;;
55;6;2017;CRUZEIRO;ATLÉTICO-GO;46.26;23.54;30.19;1;;
56;6;2017;GRÊMIO;BAHIA;52.05;23.97;23.97;1;;
57;6;2017;PALMEIRAS;FLUMINENSE;34.16;32.33;33.51;1;;
58;6;2017;PONTE PRETA;CHAPECOENSE;39.25;31.75;29;1;;
59;6;2017;VASCO DA GAMA;SPORT;49.67;22.45;27.87;1;;
60;6;2017;VITÓRIA;ATLÉTICO-MG;28.22;38.82;32.96;3;;
61;7;2017;ATLÉTICO-GO;AVAÍ;47.99;20.74;31.27;1;;
62;7;2017;ATLÉTICO-MG;ATLÉTICO-PR;35.55;38.85;25.6;3;;
63;7;2017;CHAPECOENSE;VASCO DA GAMA;48.69;22.41;28.9;1;;
64;7;2017;CORINTHIANS;CRUZEIRO;41.51;34.91;23.58;1;;
65;7;2017;CORITIBA;BAHIA;56.57;21.72;21.72;1;;
66;7;2017;FLAMENGO;PONTE PRETA;37.22;44.05;18.73;3;;
67;7;2017;FLUMINENSE;GRÊMIO;37.32;27.92;34.76;1;;
68;7;2017;SANTOS;PALMEIRAS;33.88;26.51;39.62;2;;
69;7;2017;SPORT;SÃO PAULO;48.72;29.7;21.58;1;;
70;7;2017;VITÓRIA;BOTAFOGO;45.39;22.08;32.53;1;;
71;8;2017;ATLÉTICO-GO;ATLÉTICO-PR;37.17;27.71;35.12;1;;
72;8;2017;BAHIA;PALMEIRAS;53.77;23.11;23.11;1;;
73;8;2017;CHAPECOENSE;BOTAFOGO;46.02;28.95;25.03;1;;
74;8;2017;CORITIBA;CORINTHIANS;36.12;27.71;36.17;2;;
75;8;2017;CRUZEIRO;GRÊMIO;39.16;20.06;40.79;2;;
76;8;2017;FLUMINENSE;FLAMENGO;25.09;39.98;34.93;3;;
77;8;2017;SANTOS;PONTE PRETA;50.01;24.21;25.77;1;;
78;8;2017;SÃO PAULO;ATLÉTICO-MG;42.43;33.63;23.94;1;;
79;8;2017;SPORT;VITÓRIA;40.58;40.53;18.89;1;;
80;8;2017;VASCO DA GAMA;AVAÍ;57.17;18.9;23.93;1;;
81;9;2017;ATLÉTICO-MG;SPORT;43.52;26.83;29.65;1;;
82;9;2017;ATLÉTICO-PR;SÃO PAULO;31.92;34.25;33.83;3;;
83;9;2017;AVAÍ;FLUMINENSE;36.87;37.41;25.72;3;;
84;9;2017;BOTAFOGO;VASCO DA GAMA;30.85;34.79;34.36;3;;
85;9;2017;CORINTHIANS;BAHIA;49.42;32.16;18.42;1;;
86;9;2017;FLAMENGO;CHAPECOENSE;30.77;46.86;22.38;3;;
87;9;2017;GRÊMIO;CORITIBA;43.99;30.1;25.91;1;;
88;9;2017;PALMEIRAS;ATLÉTICO-GO;46.42;25.39;28.19;1;;
89;9;2017;PONTE PRETA;CRUZEIRO;48.49;27.4;24.11;1;;
90;9;2017;VITÓRIA;SANTOS;36.37;28.94;34.69;1;;
91;10;2017;ATLÉTICO-PR;VITÓRIA;33.98;30.35;35.68;2;;
92;10;2017;BAHIA;FLAMENGO;38.22;33.81;27.97;1;;
93;10;2017;BOTAFOGO;AVAÍ;54.94;30.03;15.03;1;;
94;10;2017;CHAPECOENSE;ATLÉTICO-MG;36.38;29.08;34.53;1;;
95;10;2017;CRUZEIRO;CORITIBA;38.47;34.79;26.74;1;;
96;10;2017;GRÊMIO;CORINTHIANS;40.39;27.92;31.7;1;;
97;10;2017;PONTE PRETA;PALMEIRAS;46.18;24.14;29.68;1;;
98;10;2017;SANTOS;SPORT;42.89;32.59;24.52;1;;
99;10;2017;SÃO PAULO;FLUMINENSE;40.71;19.18;40.1;1;;
100;10;2017;VASCO DA GAMA;ATLÉTICO-GO;54.95;17.64;27.41;1;;
101;11;2017;ATLÉTICO-GO;SANTOS;37.28;19.64;43.08;2;;
102;11;2017;ATLÉTICO-MG;CRUZEIRO;23.9;37.58;38.52;2;;
103;11;2017;AVAÍ;PONTE PRETA;34.07;43.99;21.93;3;;
104;11;2017;CORINTHIANS;BOTAFOGO;46.92;31.12;21.96;1;;
105;11;2017;CORITIBA;VASCO DA GAMA;47.68;33.08;19.24;1;;
106;11;2017;FLAMENGO;SÃO PAULO;42.05;42.27;15.69;3;;
107;11;2017;FLUMINENSE;CHAPECOENSE;34.69;37.45;27.86;3;;
108;11;2017;PALMEIRAS;GRÊMIO;37.42;28.7;33.88;1;;
109;11;2017;SPORT;ATLÉTICO-PR;30.48;35.36;34.17;3;;
110;11;2017;VITÓRIA;BAHIA;34.07;22.99;42.94;2;;
111;12;2017;ATLÉTICO-GO;VITÓRIA;38.41;30.38;31.21;1;;
112;12;2017;BAHIA;FLUMINENSE;32.06;33.78;34.16;2;;
113;12;2017;BOTAFOGO;ATLÉTICO-MG;31.38;36.96;31.65;3;;
114;12;2017;CHAPECOENSE;ATLÉTICO-PR;37.64;21.2;41.16;2;;
115;12;2017;CORINTHIANS;PONTE PRETA;47.11;40.02;12.87;1;;
116;12;2017;CORITIBA;SPORT;36.4;42.06;21.55;3;;
117;12;2017;CRUZEIRO;PALMEIRAS;40.91;24.43;34.66;1;;
118;12;2017;GRÊMIO;AVAÍ;55.95;16.36;27.69;1;;
119;12;2017;SANTOS;SÃO PAULO;32.34;29.22;38.44;2;;
120;12;2017;VASCO DA GAMA;FLAMENGO;31.09;32.74;36.17;2;;
121;13;2017;ATLÉTICO-MG;SANTOS;32.07;37.13;30.8;3;;
122;13;2017;ATLÉTICO-PR;CRUZEIRO;40.31;28.25;31.44;1;;
123;13;2017;AVAÍ;CORITIBA;33.77;41.07;25.16;3;;
124;13;2017;FLAMENGO;GRÊMIO;40.01;36.85;23.15;1;;
125;13;2017;FLUMINENSE;BOTAFOGO;22.01;51.21;26.78;3;;
126;13;2017;PALMEIRAS;CORINTHIANS;33.35;22.74;43.91;2;;
127;13;2017;PONTE PRETA;BAHIA;51.74;24.35;23.91;1;;
128;13;2017;SÃO PAULO;ATLÉTICO-GO;48.47;22.72;28.82;1;;
129;13;2017;SPORT;CHAPECOENSE;36.41;39.4;24.19;3;;
130;13;2017;VITÓRIA;VASCO DA GAMA;33.55;39.31;27.14;3;;
131;14;2017;ATLÉTICO-GO;ATLÉTICO-MG;23.39;39;37.61;3;;
132;14;2017;BAHIA;AVAÍ;39.15;28.58;32.27;1;;
133;14;2017;BOTAFOGO;SPORT;36.51;36.47;27.01;1;;
134;14;2017;CHAPECOENSE;SÃO PAULO;42.45;29.61;27.94;1;;
135;14;2017;CORINTHIANS;ATLÉTICO-PR;49.71;31.28;19.01;1;;
136;14;2017;CORITIBA;FLUMINENSE;25.64;46.98;27.38;3;;
137;14;2017;CRUZEIRO;FLAMENGO;34.16;34.18;31.66;3;;
138;14;2017;GRÊMIO;PONTE PRETA;41.88;33.03;25.09;1;;
139;14;2017;PALMEIRAS;VITÓRIA;46.87;22.25;30.89;1;;
140;14;2017;VASCO DA GAMA;SANTOS;36.82;23.67;39.51;2;;
141;15;2017;ATLÉTICO-MG;BAHIA;36.27;29.8;33.92;1;;
142;15;2017;ATLÉTICO-PR;BOTAFOGO;36.13;26.94;36.93;2;;
143;15;2017;AVAÍ;CORINTHIANS;18.65;37.34;44.01;2;;
144;15;2017;FLAMENGO;PALMEIRAS;45.84;28.28;25.88;1;;
145;15;2017;FLUMINENSE;CRUZEIRO;30.39;36.94;32.68;3;;
146;15;2017;PONTE PRETA;CORITIBA;43.54;21.37;35.08;1;;
147;15;2017;SANTOS;CHAPECOENSE;40.58;30.85;28.57;1;;
148;15;2017;SÃO PAULO;VASCO DA GAMA;33.14;35.34;31.51;3;;
149;15;2017;SPORT;ATLÉTICO-GO;49;31.96;19.04;1;;
150;15;2017;VITÓRIA;GRÊMIO;23.9;31.48;44.63;2;;
151;16;2017;ATLÉTICO-GO;BOTAFOGO;28.79;34.22;36.99;2;;
152;16;2017;ATLÉTICO-MG;VASCO DA GAMA;37.28;28.27;34.45;1;;
153;16;2017;ATLÉTICO-PR;PONTE PRETA;34.72;40.51;24.77;3;;
154;16;2017;AVAÍ;CRUZEIRO;26.51;46.04;27.45;3;;
155;16;2017;FLAMENGO;CORITIBA;40.52;36.6;22.88;1;;
156;16;2017;FLUMINENSE;CORINTHIANS;16.61;49.02;34.38;3;;
157;16;2017;SANTOS;BAHIA;42.09;22.64;35.27;1;;
158;16;2017;SÃO PAULO;GRÊMIO;29;29.67;41.33;2;;
159;16;2017;SPORT;PALMEIRAS;43.83;31.58;24.59;1;;
160;16;2017;VITÓRIA;CHAPECOENSE;32.39;33.69;33.92;2;;
161;17;2017;BAHIA;SPORT;33.03;40.07;26.9;3;;
162;17;2017;BOTAFOGO;SÃO PAULO;51.42;32.29;16.29;1;;
163;17;2017;CHAPECOENSE;ATLÉTICO-GO;46.39;29.03;24.58;1;;
164;17;2017;CORINTHIANS;FLAMENGO;37.27;44.47;18.25;3;;
165;17;2017;CORITIBA;ATLÉTICO-MG;21.6;42.37;36.02;3;;
166;17;2017;CRUZEIRO;VITÓRIA;41.87;31.24;26.89;1;;
167;17;2017;GRÊMIO;SANTOS;35.62;30.25;34.12;1;;
168;17;2017;PALMEIRAS;AVAÍ;48.36;23.53;28.11;1;;
169;17;2017;PONTE PRETA;FLUMINENSE;36.21;29.1;34.68;1;;
170;17;2017;VASCO DA GAMA;ATLÉTICO-PR;31.07;39.2;29.73;3;;
171;18;2017;ATLÉTICO-GO;GRÊMIO;20.07;38.55;41.38;2;;
172;18;2017;ATLÉTICO-MG;CORINTHIANS;18.7;31.21;50.09;2;;
173;18;2017;ATLÉTICO-PR;AVAÍ;33.64;28.57;37.79;2;;
174;18;2017;BOTAFOGO;PALMEIRAS;35.33;31.33;33.34;1;;
175;18;2017;CHAPECOENSE;BAHIA;37.46;23.11;39.43;2;;
176;18;2017;SANTOS;FLAMENGO;32.78;38.71;28.51;3;;
177;18;2017;SÃO PAULO;CORITIBA;40.49;33.76;25.75;1;;
178;18;2017;SPORT;FLUMINENSE;29.21;39.83;30.96;3;;
179;18;2017;VASCO DA GAMA;CRUZEIRO;38.39;30.26;31.35;1;;
180;18;2017;VITÓRIA;PONTE PRETA;27.86;34.36;37.78;2;;
181;19;2017;AVAÍ;SANTOS;21.46;51.55;26.98;3;;
182;19;2017;BAHIA;SÃO PAULO;36.22;34.49;29.29;1;;
183;19;2017;CORINTHIANS;SPORT;42.12;35.8;22.08;1;;
184;19;2017;CORITIBA;CHAPECOENSE;32.95;33.68;33.37;3;;
185;19;2017;CRUZEIRO;BOTAFOGO;29.78;50.71;19.51;3;;
186;19;2017;FLAMENGO;VITÓRIA;38.51;41.07;20.42;3;;
187;19;2017;FLUMINENSE;ATLÉTICO-GO;33.62;38.37;28.02;3;;
188;19;2017;GRÊMIO;ATLÉTICO-MG;28.85;36.59;34.56;3;;
189;19;2017;PALMEIRAS;ATLÉTICO-PR;40.61;29.62;29.77;1;;
190;19;2017;PONTE PRETA;VASCO DA GAMA;43.26;28.26;28.48;1;;
191;20;2017;ATLÉTICO-GO;CORITIBA;32.52;26.8;40.68;2;;
192;20;2017;ATLÉTICO-MG;FLAMENGO;21.76;37.31;40.93;2;;
193;20;2017;ATLÉTICO-PR;BAHIA;32.87;31.85;35.28;2;;
194;20;2017;BOTAFOGO;GRÊMIO;25.79;32.88;41.33;2;;
195;20;2017;CHAPECOENSE;CORINTHIANS;18.93;36.94;44.13;2;;
196;20;2017;SANTOS;FLUMINENSE;34.46;39.58;25.97;3;;
197;20;2017;SÃO PAULO;CRUZEIRO;31.46;34.9;33.65;3;;
198;20;2017;SPORT;PONTE PRETA;41.92;37.39;20.68;1;;
199;20;2017;VASCO DA GAMA;PALMEIRAS;29.93;24.45;45.61;2;;
200;20;2017;VITÓRIA;AVAÍ;37.5;24.18;38.32;2;;
201;21;2017;AVAÍ;SÃO PAULO;40.17;38.44;21.39;1;;
202;21;2017;BAHIA;VASCO DA GAMA;30.64;41.89;27.47;3;;
203;21;2017;CORINTHIANS;VITÓRIA;41.87;38.38;19.75;1;;
204;21;2017;CORITIBA;SANTOS;20.93;47.69;31.38;3;;
205;21;2017;CRUZEIRO;SPORT;34.22;39.3;26.48;3;;
206;21;2017;FLAMENGO;ATLÉTICO-GO;46.43;30.39;23.18;1;;
207;21;2017;FLUMINENSE;ATLÉTICO-MG;23.66;42.14;34.19;3;;
208;21;2017;GRÊMIO;ATLÉTICO-PR;32.89;32.39;34.72;2;;
209;21;2017;PALMEIRAS;CHAPECOENSE;52.69;21.1;26.21;1;;
210;21;2017;PONTE PRETA;BOTAFOGO;28.91;51.79;19.3;3;;
211;22;2017;AVAÍ;CHAPECOENSE;31.36;43.54;25.1;3;;
212;22;2017;BAHIA;BOTAFOGO;32.5;47.07;20.44;3;;
213;22;2017;CORINTHIANS;ATLÉTICO-GO;54.02;28.91;17.07;1;;
214;22;2017;CORITIBA;VITÓRIA;25.54;36.9;37.56;2;;
215;22;2017;CRUZEIRO;SANTOS;21.63;60.64;17.73;3;;
216;22;2017;FLAMENGO;ATLÉTICO-PR;26;42.01;31.99;3;;
217;22;2017;FLUMINENSE;VASCO DA GAMA;33.84;39.82;26.34;3;;
218;22;2017;GRÊMIO;SPORT;46.09;29.23;24.68;1;;
219;22;2017;PALMEIRAS;SÃO PAULO;39.47;24.02;36.51;1;;
220;22;2017;PONTE PRETA;ATLÉTICO-MG;37.69;35.55;26.76;1;;
221;23;2017;ATLÉTICO-GO;BAHIA;35.27;30.84;33.89;1;;
222;23;2017;ATLÉTICO-MG;PALMEIRAS;27.1;29.31;43.59;2;;
223;23;2017;ATLÉTICO-PR;CORITIBA;36.65;33.16;30.19;1;;
224;23;2017;BOTAFOGO;FLAMENGO;31.39;29.13;39.48;2;;
225;23;2017;CHAPECOENSE;CRUZEIRO;34.57;30.61;34.82;2;;
226;23;2017;SANTOS;CORINTHIANS;37.76;32.78;29.45;1;;
227;23;2017;SÃO PAULO;PONTE PRETA;33.54;39.37;27.1;3;;
228;23;2017;SPORT;AVAÍ;38.77;34.59;26.63;1;;
229;23;2017;VASCO DA GAMA;GRÊMIO;30.92;32.61;36.48;2;;
230;23;2017;VITÓRIA;FLUMINENSE;14.23;44.49;41.28;3;;
231;24;2017;ATLÉTICO-PR;FLUMINENSE;19.95;53.45;26.6;3;;
232;24;2017;AVAÍ;ATLÉTICO-MG;28.27;42.89;28.84;3;;
233;24;2017;BOTAFOGO;SANTOS;28.69;48.76;22.55;3;;
234;24;2017;CORINTHIANS;VASCO DA GAMA;38.77;31.63;29.6;1;;
235;24;2017;CRUZEIRO;BAHIA;32.08;51.43;16.48;3;;
236;24;2017;FLAMENGO;SPORT;48.42;22.35;29.22;1;;
237;24;2017;GRÊMIO;CHAPECOENSE;49;28.99;22.01;1;;
238;24;2017;PALMEIRAS;CORITIBA;53.26;13.86;32.88;1;;
239;24;2017;PONTE PRETA;ATLÉTICO-GO;44.95;25.66;29.38;1;;
240;24;2017;VITÓRIA;SÃO PAULO;31.57;35.46;32.97;3;;
241;25;2017;ATLÉTICO-GO;CRUZEIRO;31.67;33.24;35.1;2;;
242;25;2017;ATLÉTICO-MG;VITÓRIA;24.43;30.85;44.72;2;;
243;25;2017;BAHIA;GRÊMIO;33.11;30.91;35.98;2;;
244;25;2017;CHAPECOENSE;PONTE PRETA;26.1;42.89;31.01;3;;
245;25;2017;CORITIBA;BOTAFOGO;23;49.98;27.01;3;;
246;25;2017;FLAMENGO;AVAÍ;44.89;22.72;32.39;1;;
247;25;2017;FLUMINENSE;PALMEIRAS;24.57;42.39;33.04;3;;
248;25;2017;SANTOS;ATLÉTICO-PR;37.33;36.05;26.62;1;;
249;25;2017;SÃO PAULO;CORINTHIANS;28.44;34.07;37.49;2;;
250;25;2017;SPORT;VASCO DA GAMA;37.29;35.71;27;1;;
251;26;2017;ATLÉTICO-PR;ATLÉTICO-MG;30.09;38.24;31.66;3;;
252;26;2017;AVAÍ;ATLÉTICO-GO;35.23;40.44;24.33;3;;
253;26;2017;BAHIA;CORITIBA;47.42;22.97;29.61;1;;
254;26;2017;BOTAFOGO;VITÓRIA;38.16;22.48;39.37;2;;
255;26;2017;CRUZEIRO;CORINTHIANS;21.55;44.68;33.76;3;;
256;26;2017;GRÊMIO;FLUMINENSE;31.41;45.73;22.86;3;;
257;26;2017;PALMEIRAS;SANTOS;35.68;18.62;45.7;2;;
258;26;2017;PONTE PRETA;FLAMENGO;32.17;36.85;30.98;3;;
259;26;2017;SÃO PAULO;SPORT;39.94;33.61;26.45;1;;
260;26;2017;VASCO DA GAMA;CHAPECOENSE;42.63;24.25;33.12;1;;
261;27;2017;ATLÉTICO-MG;SÃO PAULO;32.9;31.76;35.34;2;;
262;27;2017;ATLÉTICO-PR;ATLÉTICO-GO;37.78;22.11;40.1;2;;
263;27;2017;AVAÍ;VASCO DA GAMA;30.04;49.43;20.53;3;;
264;27;2017;BOTAFOGO;CHAPECOENSE;42.03;26.5;31.47;1;;
265;27;2017;CORINTHIANS;CORITIBA;39.74;35.35;24.91;1;;
266;27;2017;FLAMENGO;FLUMINENSE;40.73;36.07;23.2;1;;
267;27;2017;GRÊMIO;CRUZEIRO;42.14;25.88;31.98;1;;
268;27;2017;PALMEIRAS;BAHIA;48.3;23.09;28.61;1;;
269;27;2017;PONTE PRETA;SANTOS;27.01;46.91;26.09;3;;
270;27;2017;VITÓRIA;SPORT;39.8;22.02;38.17;1;;
271;28;2017;ATLÉTICO-GO;PALMEIRAS;19.34;40.37;40.29;3;;
272;28;2017;BAHIA;CORINTHIANS;18.89;43.44;37.67;3;;
273;28;2017;CHAPECOENSE;FLAMENGO;33.94;33.19;32.87;1;;
274;28;2017;CORITIBA;GRÊMIO;30.62;34.13;35.25;2;;
275;28;2017;CRUZEIRO;PONTE PRETA;35.67;54.56;9.77;3;;
276;28;2017;FLUMINENSE;AVAÍ;27.44;39.4;33.16;3;;
277;28;2017;SANTOS;VITÓRIA;41.24;22.28;36.48;1;;
278;28;2017;SÃO PAULO;ATLÉTICO-PR;27.21;43.85;28.94;3;;
279;28;2017;SPORT;ATLÉTICO-MG;21.28;43.57;35.15;3;;
280;28;2017;VASCO DA GAMA;BOTAFOGO;31.05;30.2;38.75;2;;
281;29;2017;ATLÉTICO-GO;VASCO DA GAMA;27.06;35.46;37.48;2;;
282;29;2017;ATLÉTICO-MG;CHAPECOENSE;34.88;30.05;35.07;2;;
283;29;2017;AVAÍ;BOTAFOGO;21.29;46.44;32.27;3;;
284;29;2017;CORINTHIANS;GRÊMIO;39.83;29.34;30.84;1;;
285;29;2017;CORITIBA;CRUZEIRO;24.09;29.19;46.72;2;;
286;29;2017;FLAMENGO;BAHIA;33.05;48.69;18.26;3;;
287;29;2017;FLUMINENSE;SÃO PAULO;39.82;33.8;26.38;1;;
288;29;2017;PALMEIRAS;PONTE PRETA;44.98;32.77;22.25;1;;
289;29;2017;SPORT;SANTOS;16.07;65.74;18.19;3;;
290;29;2017;VITÓRIA;ATLÉTICO-PR;25.4;29.88;44.72;2;;
291;30;2017;ATLÉTICO-PR;SPORT;43.84;27.89;28.28;1;;
292;30;2017;BAHIA;VITÓRIA;52.24;29.5;18.26;1;;
293;30;2017;BOTAFOGO;CORINTHIANS;33.81;27.41;38.78;2;;
294;30;2017;CHAPECOENSE;FLUMINENSE;26.69;38.32;34.99;3;;
295;30;2017;CRUZEIRO;ATLÉTICO-MG;41.75;41.94;16.31;3;;
296;30;2017;GRÊMIO;PALMEIRAS;29.3;33.47;37.23;2;;
297;30;2017;PONTE PRETA;AVAÍ;36.61;34.2;29.19;1;;
298;30;2017;SANTOS;ATLÉTICO-GO;45.19;32.63;22.18;1;;
299;30;2017;SÃO PAULO;FLAMENGO;35.67;40.17;24.16;3;;
300;30;2017;VASCO DA GAMA;CORITIBA;47.46;32.71;19.83;1;;
301;31;2017;ATLÉTICO-MG;BOTAFOGO;28.31;37.61;34.08;3;;
302;31;2017;ATLÉTICO-PR;CHAPECOENSE;34.48;34.62;30.9;3;;
303;31;2017;AVAÍ;GRÊMIO;23.61;47.58;28.82;3;;
304;31;2017;FLAMENGO;VASCO DA GAMA;27.71;45.97;26.31;3;;
305;31;2017;FLUMINENSE;BAHIA;37.95;40.18;21.87;3;;
306;31;2017;PALMEIRAS;CRUZEIRO;44.43;19.69;35.88;1;;
307;31;2017;PONTE PRETA;CORINTHIANS;23.62;41.01;35.37;3;;
308;31;2017;SÃO PAULO;SANTOS;23.49;36.63;39.88;2;;
309;31;2017;SPORT;CORITIBA;28.53;52.67;18.81;3;;
310;31;2017;VITÓRIA;ATLÉTICO-GO;25.6;23.84;50.56;2;;
311;32;2017;ATLÉTICO-GO;SÃO PAULO;36.31;25.42;38.27;2;;
312;32;2017;BAHIA;PONTE PRETA;47.56;35.76;16.68;1;;
313;32;2017;BOTAFOGO;FLUMINENSE;40.34;29.9;29.76;1;;
314;32;2017;CHAPECOENSE;SPORT;47.3;16.08;36.62;1;;
315;32;2017;CORINTHIANS;PALMEIRAS;26.42;39.4;34.18;3;;
316;32;2017;CORITIBA;AVAÍ;31.59;30.25;38.16;2;;
317;32;2017;CRUZEIRO;ATLÉTICO-PR;32.77;40.69;26.55;3;;
318;32;2017;GRÊMIO;FLAMENGO;40.95;26.99;32.06;1;;
319;32;2017;SANTOS;ATLÉTICO-MG;35.95;38.2;25.85;3;;
320;32;2017;VASCO DA GAMA;VITÓRIA;21.64;44.39;33.97;3;;
321;33;2017;ATLÉTICO-GO;SÃO PAULO;36.31;25.42;38.27;2;;
322;33;2017;BAHIA;PONTE PRETA;47.56;35.76;16.68;1;;
323;33;2017;BOTAFOGO;FLUMINENSE;40.34;29.9;29.76;1;;
324;33;2017;CHAPECOENSE;SPORT;47.3;16.08;36.62;1;;
325;33;2017;CORINTHIANS;PALMEIRAS;26.42;39.4;34.18;3;;
326;33;2017;CORITIBA;AVAÍ;31.59;30.25;38.16;2;;
327;33;2017;CRUZEIRO;ATLÉTICO-PR;32.77;40.69;26.55;3;;
328;33;2017;GRÊMIO;FLAMENGO;40.95;26.99;32.06;1;;
329;33;2017;SANTOS;ATLÉTICO-MG;35.95;38.2;25.85;3;;
330;33;2017;VASCO DA GAMA;VITÓRIA;21.64;44.39;33.97;3;;
331;34;2017;ATLÉTICO-GO;SPORT;34.14;24.31;41.56;2;;
332;34;2017;BAHIA;ATLÉTICO-MG;35.09;38.33;26.58;3;;
333;34;2017;BOTAFOGO;ATLÉTICO-PR;45.61;19.69;34.7;1;;
334;34;2017;CHAPECOENSE;SANTOS;17.91;54.59;27.49;3;;
335;34;2017;CORINTHIANS;AVAÍ;41.07;29.83;29.1;1;;
336;34;2017;CORITIBA;PONTE PRETA;44.97;31.88;23.15;1;;
337;34;2017;CRUZEIRO;FLUMINENSE;38.43;44.99;16.57;3;;
338;34;2017;GRÊMIO;VITÓRIA;26.04;33.56;40.39;2;;
339;34;2017;PALMEIRAS;FLAMENGO;42.17;29.79;28.04;1;;
340;34;2017;VASCO DA GAMA;SÃO PAULO;40.46;42.06;17.48;3;;
341;35;2017;BAHIA;SANTOS;30.4;55.44;14.16;3;;
342;35;2017;BOTAFOGO;ATLÉTICO-GO;43.93;20.14;35.94;1;;
343;35;2017;CHAPECOENSE;VITÓRIA;18.86;43.59;37.55;3;;
344;35;2017;CORINTHIANS;FLUMINENSE;43.78;36.89;19.34;1;;
345;35;2017;CORITIBA;FLAMENGO;41.9;31.07;27.02;1;;
346;35;2017;CRUZEIRO;AVAÍ;46.74;31.12;22.14;1;;
347;35;2017;GRÊMIO;SÃO PAULO;39.19;36.26;24.56;1;;
348;35;2017;PALMEIRAS;SPORT;49.34;25.71;24.95;1;;
349;35;2017;PONTE PRETA;ATLÉTICO-PR;34.2;25.55;40.26;2;;
350;35;2017;VASCO DA GAMA;ATLÉTICO-MG;21.03;59.68;19.29;3;;
351;36;2017;ATLÉTICO-GO;CHAPECOENSE;21.01;36.58;42.41;2;;
352;36;2017;ATLÉTICO-MG;CORITIBA;31.7;41.82;26.48;3;;
353;36;2017;ATLÉTICO-PR;VASCO DA GAMA;26.18;38.62;35.2;3;;
354;36;2017;AVAÍ;PALMEIRAS;20.3;42.89;36.81;3;;
355;36;2017;FLAMENGO;CORINTHIANS;30.93;41.64;27.43;3;;
356;36;2017;FLUMINENSE;PONTE PRETA;38.63;47.48;13.9;3;;
357;36;2017;SANTOS;GRÊMIO;38.34;32.24;29.42;1;;
358;36;2017;SÃO PAULO;BOTAFOGO;28.29;51.73;19.98;3;;
359;36;2017;SPORT;BAHIA;21.81;48.36;29.83;3;;
360;36;2017;VITÓRIA;CRUZEIRO;31.29;29.57;39.14;2;;
361;37;2017;AVAÍ;ATLÉTICO-PR;33.6;35.27;31.13;3;;
362;37;2017;BAHIA;CHAPECOENSE;31.76;49.46;18.78;3;;
363;37;2017;CORINTHIANS;ATLÉTICO-MG;30;47.12;22.88;3;;
364;37;2017;CORITIBA;SÃO PAULO;39.8;34.65;25.55;1;;
365;37;2017;CRUZEIRO;VASCO DA GAMA;35.8;38.91;25.29;3;;
366;37;2017;FLAMENGO;SANTOS;38.46;51.54;10;3;;
367;37;2017;FLUMINENSE;SPORT;49.76;33.13;17.1;1;;
368;37;2017;GRÊMIO;ATLÉTICO-GO;40.95;30.04;29.01;1;;
369;37;2017;PALMEIRAS;BOTAFOGO;26.68;46.44;26.88;3;;
370;37;2017;PONTE PRETA;VITÓRIA;28.45;36.41;35.14;3;;
371;38;2017;ATLÉTICO-GO;FLUMINENSE;34.23;35.66;30.11;3;;
372;38;2017;ATLÉTICO-MG;GRÊMIO;36.02;34.68;29.29;1;;
373;38;2017;ATLÉTICO-PR;PALMEIRAS;35.77;33.5;30.73;1;;
374;38;2017;BOTAFOGO;CRUZEIRO;36.13;23.82;40.05;2;;
375;38;2017;CHAPECOENSE;CORITIBA;38.09;35.2;26.7;1;;
376;38;2017;SANTOS;AVAÍ;48.97;27.3;23.73;1;;
377;38;2017;SÃO PAULO;BAHIA;36.75;49.25;14;3;;
378;38;2017;SPORT;CORINTHIANS;26.18;36.1;37.72;2;;
379;38;2017;VASCO DA GAMA;PONTE PRETA;35.9;55.58;8.53;3;;
380;38;2017;VITÓRIA;FLAMENGO;40.29;31.39;28.32;1;;
381;1;2018;AMÉRICA;SPORT;40;30;30;1;;
382;1;2018;ATLÉTICO-PR;CHAPECOENSE;40;30;30;1;;
383;1;2018;BOTAFOGO;PALMEIRAS;40;30;30;1;;
384;1;2018;CORINTHIANS;FLUMINENSE;40;30;30;1;;
385;1;2018;CRUZEIRO;GRÊMIO;40;30;30;1;;
386;1;2018;INTERNACIONAL;BAHIA;40;30;30;1;;
387;1;2018;SANTOS;CEARÁ;40;30;30;1;;
388;1;2018;SÃO PAULO;PARANÁ;40;30;30;1;;
389;1;2018;VASCO DA GAMA;ATLÉTICO-MG;40;30;30;1;;
390;1;2018;VITÓRIA;FLAMENGO;40;30;30;1;;
391;2;2018;ATLÉTICO-MG;VITÓRIA;40;30;30;1;;
392;2;2018;BAHIA;SANTOS;40;30;30;1;;
393;2;2018;CEARÁ;SÃO PAULO;40;30;30;1;;
394;2;2018;CHAPECOENSE;VASCO DA GAMA;40;30;30;1;;
395;2;2018;FLAMENGO;AMÉRICA;40;30;30;1;;
396;2;2018;FLUMINENSE;CRUZEIRO;40;30;30;1;;
397;2;2018;GRÊMIO;ATLÉTICO-PR;40;30;30;1;;
398;2;2018;PALMEIRAS;INTERNACIONAL;40;30;30;1;;
399;2;2018;PARANÁ;CORINTHIANS;40;30;30;1;;
400;2;2018;SPORT;BOTAFOGO;40;30;30;1;;
401;3;2018;AMÉRICA;VITÓRIA;46.66;26.67;26.67;1;;
402;3;2018;ATLÉTICO-MG;CORINTHIANS;41;27;32;1;;
403;3;2018;BAHIA;ATLÉTICO-PR;39;35.5;25.5;1;;
404;3;2018;BOTAFOGO;GRÊMIO;34;35.5;30.5;3;;
405;3;2018;CEARÁ;FLAMENGO;32;44;24;3;;
406;3;2018;FLUMINENSE;SÃO PAULO;39;35.5;25.5;1;;
407;3;2018;INTERNACIONAL;CRUZEIRO;46.66;26.67;26.67;1;;
408;3;2018;PALMEIRAS;CHAPECOENSE;46.66;26.67;26.67;1;;
409;3;2018;PARANÁ;SPORT;41.22;26.34;32.44;1;;
410;3;2018;SANTOS;VASCO DA GAMA;39;35.5;25.5;1;;
411;4;2018;ATLÉTICO-PR;PALMEIRAS;39;35.5;25.5;1;;
412;4;2018;CHAPECOENSE;PARANÁ;39.66;35.17;25.17;1;;
413;4;2018;CORINTHIANS;CEARÁ;46.66;26.67;26.67;1;;
414;4;2018;CRUZEIRO;BOTAFOGO;33.56;35.17;31.27;3;;
415;4;2018;FLAMENGO;INTERNACIONAL;46.66;26.67;26.67;1;;
416;4;2018;GRÊMIO;SANTOS;39.66;35.17;25.17;1;;
417;4;2018;SÃO PAULO;ATLÉTICO-MG;46.66;26.67;26.67;1;;
418;4;2018;SPORT;BAHIA;39.66;35.17;25.17;1;;
419;4;2018;VASCO DA GAMA;AMÉRICA;46.66;26.67;26.67;1;;
420;4;2018;VITÓRIA;FLUMINENSE;39.66;35.17;25.17;1;;
421;5;2018;ATLÉTICO-PR;ATLÉTICO-MG;38.87;31.29;29.84;1;;
422;5;2018;BAHIA;SÃO PAULO;31.2;48.4;20.4;3;;
423;5;2018;BOTAFOGO;FLUMINENSE;30.2;40.6;29.2;3;;
424;5;2018;CEARÁ;AMÉRICA;40.37;31.16;28.47;1;;
425;5;2018;CHAPECOENSE;FLAMENGO;27.2;46.35;26.45;3;;
426;5;2018;CORINTHIANS;PALMEIRAS;29.2;40.55;30.25;3;;
427;5;2018;CRUZEIRO;SPORT;41.71;23.86;34.42;1;;
428;5;2018;GRÊMIO;INTERNACIONAL;29.54;41.02;29.43;3;;
429;5;2018;SANTOS;PARANÁ;37.33;41.14;21.54;3;;
430;5;2018;VASCO DA GAMA;VITÓRIA;52.05;23.97;23.97;1;;
431;6;2018;AMÉRICA;BOTAFOGO;45.88;31.44;22.67;1;;
432;6;2018;ATLÉTICO-MG;CRUZEIRO;41.61;23.03;35.36;1;;
433;6;2018;FLAMENGO;VASCO DA GAMA;43.13;22.99;33.88;1;;
434;6;2018;FLUMINENSE;ATLÉTICO-PR;29.23;46.17;24.6;3;;
435;6;2018;INTERNACIONAL;CHAPECOENSE;34.23;46.59;19.18;3;;
436;6;2018;PALMEIRAS;BAHIA;43.11;30.11;26.78;1;;
437;6;2018;PARANÁ;GRÊMIO;37.32;23.42;39.26;2;;
438;6;2018;SÃO PAULO;SANTOS;28.33;38.88;32.79;3;;
439;6;2018;SPORT;CORINTHIANS;40.65;32.08;27.28;1;;
440;6;2018;VITÓRIA;CEARÁ;32.69;38.52;28.79;3;;
441;7;2018;AMÉRICA;SÃO PAULO;37.84;42.72;19.44;3;;
442;7;2018;ATLÉTICO-MG;FLAMENGO;47.39;28.05;24.55;1;;
443;7;2018;BAHIA;VASCO DA GAMA;27.52;53.47;19.01;3;;
444;7;2018;BOTAFOGO;VITÓRIA;46.28;27.66;26.06;1;;
445;7;2018;CEARÁ;GRÊMIO;29.42;42.82;27.75;3;;
446;7;2018;FLUMINENSE;CHAPECOENSE;41.82;35.15;23.04;1;;
447;7;2018;INTERNACIONAL;CORINTHIANS;35.6;42.86;21.53;3;;
448;7;2018;PALMEIRAS;SPORT;43.32;27.67;29.01;1;;
449;7;2018;PARANÁ;ATLÉTICO-PR;35.05;28.89;36.06;2;;
450;7;2018;SANTOS;CRUZEIRO;37.54;37.54;24.92;3;;
451;8;2018;ATLÉTICO-PR;SANTOS;40.51;28.88;30.61;1;;
452;8;2018;CHAPECOENSE;CEARÁ;39.52;40.91;19.57;3;;
453;8;2018;CORINTHIANS;AMÉRICA;43.4;36.61;19.99;1;;
454;8;2018;CRUZEIRO;PALMEIRAS;35.14;29.22;35.64;2;;
455;8;2018;FLAMENGO;BAHIA;50.21;29.65;20.15;1;;
456;8;2018;GRÊMIO;FLUMINENSE;36.74;37.41;25.84;3;;
457;8;2018;SÃO PAULO;BOTAFOGO;45.12;34.9;19.98;1;;
458;8;2018;SPORT;ATLÉTICO-MG;31.91;43.22;24.87;3;;
459;8;2018;VASCO DA GAMA;PARANÁ;40.79;35.29;23.92;1;;
460;8;2018;VITÓRIA;INTERNACIONAL;43.08;29.2;27.71;1;;
461;9;2018;AMÉRICA;ATLÉTICO-PR;41.15;33.96;24.89;1;;
462;9;2018;ATLÉTICO-MG;CHAPECOENSE;50.37;25.45;24.18;1;;
463;9;2018;BAHIA;GRÊMIO;34.34;40.82;24.84;3;;
464;9;2018;CEARÁ;CRUZEIRO;26.62;39.12;34.26;3;;
465;9;2018;FLAMENGO;CORINTHIANS;43.51;35.07;21.43;1;;
466;9;2018;INTERNACIONAL;SPORT;42.84;31.17;26;1;;
467;9;2018;PALMEIRAS;SÃO PAULO;25.89;30.96;43.15;2;;
468;9;2018;PARANÁ;FLUMINENSE;26.82;43.76;29.42;3;;
469;9;2018;SANTOS;VITÓRIA;34.75;31.52;33.73;1;;
470;9;2018;VASCO DA GAMA;BOTAFOGO;28.94;39.47;31.59;3;;
471;10;2018;AMÉRICA;ATLÉTICO-MG;40.5;24.46;35.03;1;;
472;10;2018;BOTAFOGO;CEARÁ;47.95;35.92;16.12;1;;
473;10;2018;CORINTHIANS;SANTOS;41.63;29.53;28.84;1;;
474;10;2018;CRUZEIRO;VASCO DA GAMA;41.24;33.21;25.55;1;;
475;10;2018;FLUMINENSE;FLAMENGO;30.04;32.47;37.49;2;;
476;10;2018;GRÊMIO;PALMEIRAS;30.59;47.35;22.05;3;;
477;10;2018;PARANÁ;BAHIA;45.23;31.56;23.21;1;;
478;10;2018;SÃO PAULO;INTERNACIONAL;44.79;24.74;30.47;1;;
479;10;2018;SPORT;ATLÉTICO-PR;39.02;45.02;15.96;3;;
480;10;2018;VITÓRIA;CHAPECOENSE;34.76;36.73;28.51;3;;
481;11;2018;ATLÉTICO-MG;FLUMINENSE;45.14;30.03;24.83;1;;
482;11;2018;ATLÉTICO-PR;SÃO PAULO;25.21;43.27;31.52;3;;
483;11;2018;BAHIA;BOTAFOGO;41.18;36.52;22.3;1;;
484;11;2018;CEARÁ;PALMEIRAS;24.82;33.57;41.61;2;;
485;11;2018;CHAPECOENSE;CRUZEIRO;34.56;39.05;26.4;3;;
486;11;2018;CORINTHIANS;VITÓRIA;42.16;37.52;20.32;1;;
487;11;2018;FLAMENGO;PARANÁ;53.24;30.77;15.99;1;;
488;11;2018;GRÊMIO;AMÉRICA;35.14;43.49;21.37;3;;
489;11;2018;SANTOS;INTERNACIONAL;35.5;37.19;27.31;3;;
490;11;2018;VASCO DA GAMA;SPORT;36.02;30.65;33.33;1;;
491;12;2018;AMÉRICA;CHAPECOENSE;47.38;26.93;25.69;1;;
492;12;2018;ATLÉTICO-MG;CEARÁ;46.59;33.36;20.05;1;;
493;12;2018;BAHIA;CORINTHIANS;36.25;39.96;23.79;3;;
494;12;2018;BOTAFOGO;ATLÉTICO-PR;41.31;44.24;14.45;3;;
495;12;2018;FLUMINENSE;SANTOS;49.41;24.44;26.15;1;;
496;12;2018;INTERNACIONAL;VASCO DA GAMA;30.51;55.99;13.5;3;;
497;12;2018;PALMEIRAS;FLAMENGO;36.78;27.85;35.37;1;;
498;12;2018;PARANÁ;CRUZEIRO;34.89;36.21;28.9;3;;
499;12;2018;SÃO PAULO;VITÓRIA;35.09;41.55;23.36;3;;
500;12;2018;SPORT;GRÊMIO;35.27;36.85;27.88;3;;
501;13;2018;ATLÉTICO-PR;INTERNACIONAL;31.38;30.13;38.49;2;;
502;13;2018;CEARÁ;SPORT;28.35;38.79;32.86;3;;
503;13;2018;CHAPECOENSE;BAHIA;56.18;27.85;15.97;1;;
504;13;2018;CORINTHIANS;BOTAFOGO;36.04;49.71;14.25;3;;
505;13;2018;CRUZEIRO;AMÉRICA;36.58;30.1;33.33;1;;
506;13;2018;FLAMENGO;SÃO PAULO;37.16;38.37;24.47;3;;
507;13;2018;GRÊMIO;ATLÉTICO-MG;34.22;40.02;25.76;3;;
508;13;2018;SANTOS;PALMEIRAS;27.58;36.79;35.63;3;;
509;13;2018;VASCO DA GAMA;FLUMINENSE;42.9;24.99;32.11;1;;
510;13;2018;VITÓRIA;PARANÁ;44.25;28.55;27.2;1;;
511;14;2018;BAHIA;VITÓRIA;33.49;35.85;30.66;3;;
512;14;2018;CHAPECOENSE;SANTOS;44.35;32.27;23.38;1;;
513;14;2018;CRUZEIRO;ATLÉTICO-PR;49.04;31.54;19.42;1;;
514;14;2018;FLAMENGO;BOTAFOGO;33.21;35.52;31.27;3;;
515;14;2018;INTERNACIONAL;CEARÁ;42.89;44.19;12.93;3;;
516;14;2018;PALMEIRAS;ATLÉTICO-MG;37.8;39.06;23.15;3;;
517;14;2018;PARANÁ;AMÉRICA;40.22;41.45;18.33;3;;
518;14;2018;SÃO PAULO;CORINTHIANS;26.44;44.23;29.33;3;;
519;14;2018;SPORT;FLUMINENSE;41.28;41.63;17.09;3;;
520;14;2018;VASCO DA GAMA;GRÊMIO;29.03;41.09;29.87;3;;
521;15;2018;AMÉRICA;INTERNACIONAL;30.59;34.78;34.63;3;;
522;15;2018;ATLÉTICO-MG;PARANÁ;57.76;24.49;17.74;1;;
523;15;2018;ATLÉTICO-PR;VASCO DA GAMA;29.19;46.81;24;3;;
524;15;2018;BOTAFOGO;CHAPECOENSE;37.3;45.7;17;3;;
525;15;2018;CEARÁ;BAHIA;37.94;37.43;24.63;1;;
526;15;2018;CORINTHIANS;CRUZEIRO;31.33;44.59;24.08;3;;
527;15;2018;FLUMINENSE;PALMEIRAS;28.67;39.65;31.67;3;;
528;15;2018;GRÊMIO;SÃO PAULO;23.44;43.48;33.09;3;;
529;15;2018;SANTOS;FLAMENGO;24.67;44.66;30.67;3;;
530;15;2018;VITÓRIA;SPORT;42.12;23.75;34.13;1;;
531;16;2018;ATLÉTICO-PR;VITÓRIA;36.16;38.26;25.58;3;;
532;16;2018;BAHIA;ATLÉTICO-MG;46.4;32.38;21.22;1;;
533;16;2018;CEARÁ;FLUMINENSE;30.58;31.86;37.56;2;;
534;16;2018;CHAPECOENSE;GRÊMIO;30.38;46.27;23.35;3;;
535;16;2018;CRUZEIRO;SÃO PAULO;35.76;32.01;32.23;1;;
536;16;2018;FLAMENGO;SPORT;57.62;21.54;20.83;1;;
537;16;2018;INTERNACIONAL;BOTAFOGO;45.2;43.6;11.2;1;;
538;16;2018;PALMEIRAS;PARANÁ;48.15;35.37;16.47;1;;
539;16;2018;SANTOS;AMÉRICA;39.93;41.5;18.56;3;;
540;16;2018;VASCO DA GAMA;CORINTHIANS;47.94;31.07;20.99;1;;
541;17;2018;AMÉRICA;PALMEIRAS;38.85;29.4;31.75;1;;
542;17;2018;ATLÉTICO-MG;INTERNACIONAL;47.53;30.25;22.22;1;;
543;17;2018;BOTAFOGO;SANTOS;41.19;36.34;22.47;1;;
544;17;2018;CORINTHIANS;ATLÉTICO-PR;48.05;36.12;15.84;1;;
545;17;2018;FLUMINENSE;BAHIA;42.33;31.16;26.52;1;;
546;17;2018;GRÊMIO;FLAMENGO;31.86;46.14;22;3;;
547;17;2018;PARANÁ;CEARÁ;40.85;42.08;17.07;3;;
548;17;2018;SÃO PAULO;VASCO DA GAMA;45.18;38.8;16.02;1;;
549;17;2018;SPORT;CHAPECOENSE;37.42;44.69;17.89;3;;
550;17;2018;VITÓRIA;CRUZEIRO;38.47;30;31.53;1;;
551;18;2018;ATLÉTICO-MG;SANTOS;41.77;31.98;26.25;1;;
552;18;2018;BAHIA;AMÉRICA;42.92;36.59;20.49;1;;
553;18;2018;CEARÁ;ATLÉTICO-PR;35.94;38.84;25.23;3;;
554;18;2018;CHAPECOENSE;CORINTHIANS;35.31;43.56;21.12;3;;
555;18;2018;FLAMENGO;CRUZEIRO;45.82;35.58;18.6;1;;
556;18;2018;FLUMINENSE;INTERNACIONAL;30.16;38.9;30.94;3;;
557;18;2018;GRÊMIO;VITÓRIA;49.1;33.86;17.04;1;;
558;18;2018;PALMEIRAS;VASCO DA GAMA;42.55;42.38;15.07;1;;
559;18;2018;PARANÁ;BOTAFOGO;38.67;39.19;22.14;3;;
560;18;2018;SPORT;SÃO PAULO;21.92;42.42;35.67;3;;
561;19;2018;AMÉRICA;FLUMINENSE;41.34;29.58;29.08;1;;
562;19;2018;ATLÉTICO-PR;FLAMENGO;31.87;42.16;25.97;3;;
563;19;2018;BOTAFOGO;ATLÉTICO-MG;37.98;43.64;18.38;3;;
564;19;2018;CORINTHIANS;GRÊMIO;28.18;48.59;23.23;3;;
565;19;2018;CRUZEIRO;BAHIA;41.33;32.94;25.73;1;;
566;19;2018;INTERNACIONAL;PARANÁ;57.14;32.6;10.26;1;;
567;19;2018;SANTOS;SPORT;38.35;33.67;27.98;1;;
568;19;2018;SÃO PAULO;CHAPECOENSE;43.18;43.12;13.7;1;;
569;19;2018;VASCO DA GAMA;CEARÁ;41.05;30.39;28.56;1;;
570;19;2018;VITÓRIA;PALMEIRAS;30.7;41.57;27.73;3;;
571;20;2018;ATLÉTICO-MG;VASCO DA GAMA;54.32;26.46;19.22;1;;
572;20;2018;BAHIA;INTERNACIONAL;32.06;38.03;29.91;3;;
573;20;2018;CEARÁ;SANTOS;30.49;41.66;27.86;3;;
574;20;2018;CHAPECOENSE;ATLÉTICO-PR;34.01;55.76;10.23;3;;
575;20;2018;FLAMENGO;VITÓRIA;59.58;23.95;16.47;1;;
576;20;2018;FLUMINENSE;CORINTHIANS;39.4;29.92;30.68;1;;
577;20;2018;GRÊMIO;CRUZEIRO;43.5;40.12;16.38;1;;
578;20;2018;PALMEIRAS;BOTAFOGO;41.3;45.05;13.65;3;;
579;20;2018;PARANÁ;SÃO PAULO;19.28;39.25;41.47;2;;
580;20;2018;SPORT;AMÉRICA;40.95;34.12;24.93;1;;
581;21;2018;AMÉRICA;FLAMENGO;31.62;44.5;23.88;3;;
582;21;2018;ATLÉTICO-PR;GRÊMIO;31.39;38.91;29.7;3;;
583;21;2018;BOTAFOGO;SPORT;46.88;29.54;23.58;1;;
584;21;2018;CORINTHIANS;PARANÁ;48.73;30.28;20.99;1;;
585;21;2018;CRUZEIRO;FLUMINENSE;37.8;37.02;25.18;1;;
586;21;2018;INTERNACIONAL;PALMEIRAS;38.26;43.04;18.69;3;;
587;21;2018;SANTOS;BAHIA;26.42;48.58;25;3;;
588;21;2018;SÃO PAULO;CEARÁ;45.14;36.89;17.97;1;;
589;21;2018;VASCO DA GAMA;CHAPECOENSE;35.32;45.68;19;3;;
590;21;2018;VITÓRIA;ATLÉTICO-MG;32.82;31.88;35.29;2;;
591;22;2018;ATLÉTICO-PR;BAHIA;43.64;37.55;18.81;1;;
592;22;2018;CHAPECOENSE;PALMEIRAS;27.93;53.25;18.82;3;;
593;22;2018;CORINTHIANS;ATLÉTICO-MG;38.56;34.47;26.97;1;;
594;22;2018;CRUZEIRO;INTERNACIONAL;32.69;30.09;37.22;2;;
595;22;2018;FLAMENGO;CEARÁ;54.35;29.03;16.62;1;;
596;22;2018;GRÊMIO;BOTAFOGO;44.9;43.28;11.83;1;;
597;22;2018;SÃO PAULO;FLUMINENSE;52.35;30.21;17.44;1;;
598;22;2018;SPORT;PARANÁ;46.17;28.17;25.65;1;;
599;22;2018;VASCO DA GAMA;SANTOS;33.49;44.66;21.85;3;;
600;22;2018;VITÓRIA;AMÉRICA;44.27;23.36;32.37;1;;
601;23;2018;AMÉRICA;VASCO DA GAMA;31.99;50.44;17.57;3;;
602;23;2018;ATLÉTICO-MG;SÃO PAULO;29.89;35.26;34.85;3;;
603;23;2018;BAHIA;SPORT;50.92;27.86;21.22;1;;
604;23;2018;BOTAFOGO;CRUZEIRO;30.01;47.29;22.7;3;;
605;23;2018;CEARÁ;CORINTHIANS;38.38;34.65;26.97;1;;
606;23;2018;FLUMINENSE;VITÓRIA;44.32;31.81;23.87;1;;
607;23;2018;INTERNACIONAL;FLAMENGO;35.15;53.16;11.69;3;;
608;23;2018;PALMEIRAS;ATLÉTICO-PR;44.32;43.48;12.2;1;;
609;23;2018;PARANÁ;CHAPECOENSE;34.34;49.81;15.85;3;;
610;23;2018;SANTOS;GRÊMIO;29.3;40.41;30.29;3;;
611;24;2018;AMÉRICA;CEARÁ;30.55;43.13;26.32;3;;
612;24;2018;ATLÉTICO-MG;ATLÉTICO-PR;50.5;33.84;15.65;1;;
613;24;2018;FLAMENGO;CHAPECOENSE;48.7;34.1;17.2;1;;
614;24;2018;FLUMINENSE;BOTAFOGO;24.75;47.05;28.2;3;;
615;24;2018;INTERNACIONAL;GRÊMIO;29.19;45.45;25.36;3;;
616;24;2018;PALMEIRAS;CORINTHIANS;36.52;43.51;19.97;3;;
617;24;2018;PARANÁ;SANTOS;23.15;52.36;24.49;3;;
618;24;2018;SÃO PAULO;BAHIA;46.13;39.55;14.32;1;;
619;24;2018;SPORT;CRUZEIRO;21.88;51.02;27.1;3;;
620;24;2018;VITÓRIA;VASCO DA GAMA;44.55;32.54;22.91;1;;
621;25;2018;ATLÉTICO-PR;FLUMINENSE;44.11;35.36;20.53;1;;
622;25;2018;BAHIA;PALMEIRAS;26.99;42.45;30.57;3;;
623;25;2018;BOTAFOGO;AMÉRICA;41.45;30;28.55;1;;
624;25;2018;CEARÁ;VITÓRIA;34.53;44.74;20.73;3;;
625;25;2018;CHAPECOENSE;INTERNACIONAL;25.08;44.12;30.81;3;;
626;25;2018;CORINTHIANS;SPORT;47.88;28.8;23.32;1;;
627;25;2018;CRUZEIRO;ATLÉTICO-MG;28.63;34.35;37.02;2;;
628;25;2018;GRÊMIO;PARANÁ;59.07;25.91;15.02;1;;
629;25;2018;SANTOS;SÃO PAULO;18.55;44.27;37.18;3;;
630;25;2018;VASCO DA GAMA;FLAMENGO;27.53;23.73;48.74;2;;
631;26;2018;ATLÉTICO-PR;PARANÁ;44.28;38.74;16.98;1;;
632;26;2018;CHAPECOENSE;FLUMINENSE;40.93;40.64;18.44;1;;
633;26;2018;CORINTHIANS;INTERNACIONAL;27.46;39.13;33.41;3;;
634;26;2018;CRUZEIRO;SANTOS;29.17;47.2;23.63;3;;
635;26;2018;FLAMENGO;ATLÉTICO-MG;42.64;36.41;20.94;1;;
636;26;2018;GRÊMIO;CEARÁ;35.55;41.79;22.66;3;;
637;26;2018;SÃO PAULO;AMÉRICA;52.74;31.06;16.2;1;;
638;26;2018;SPORT;PALMEIRAS;16.13;52.28;31.59;3;;
639;26;2018;VASCO DA GAMA;BAHIA;38.81;40.1;21.09;3;;
640;26;2018;VITÓRIA;BOTAFOGO;47.62;31.3;21.08;1;;
641;27;2018;AMÉRICA;CORINTHIANS;42.97;37.95;19.08;1;;
642;27;2018;ATLÉTICO-MG;SPORT;60.25;24.8;14.95;1;;
643;27;2018;BAHIA;FLAMENGO;33.21;48.99;17.8;3;;
644;27;2018;BOTAFOGO;SÃO PAULO;26.11;38.89;35;3;;
645;27;2018;CEARÁ;CHAPECOENSE;36.44;46.96;16.6;3;;
646;27;2018;FLUMINENSE;GRÊMIO;28.66;45.48;25.86;3;;
647;27;2018;INTERNACIONAL;VITÓRIA;52.54;39.49;7.98;1;;
648;27;2018;PALMEIRAS;CRUZEIRO;35.98;51.33;12.69;3;;
649;27;2018;PARANÁ;VASCO DA GAMA;34.61;41.06;24.33;3;;
650;27;2018;SANTOS;ATLÉTICO-PR;37.96;48.78;13.27;3;;
651;28;2018;ATLÉTICO-PR;AMÉRICA;55.03;26.86;18.11;1;;
652;28;2018;BOTAFOGO;VASCO DA GAMA;25.8;46.2;27.99;3;;
653;28;2018;CHAPECOENSE;ATLÉTICO-MG;38.19;37.39;24.41;1;;
654;28;2018;CORINTHIANS;FLAMENGO;25.23;56;18.77;3;;
655;28;2018;CRUZEIRO;CEARÁ;36.76;44.91;18.33;3;;
656;28;2018;FLUMINENSE;PARANÁ;53.91;23.78;22.31;1;;
657;28;2018;GRÊMIO;BAHIA;52.57;32.68;14.75;1;;
658;28;2018;SÃO PAULO;PALMEIRAS;22.37;42.53;35.1;3;;
659;28;2018;SPORT;INTERNACIONAL;20.02;44.9;35.08;3;;
660;28;2018;VITÓRIA;SANTOS;35.52;28.38;36.1;2;;
661;29;2018;ATLÉTICO-MG;AMÉRICA;32.44;50.48;17.08;3;;
662;29;2018;ATLÉTICO-PR;SPORT;69.77;16.24;13.99;1;;
663;29;2018;BAHIA;PARANÁ;52.94;34.01;13.06;1;;
664;29;2018;CEARÁ;BOTAFOGO;39.22;38.67;22.11;1;;
665;29;2018;CHAPECOENSE;VITÓRIA;47.34;33.24;19.41;1;;
666;29;2018;FLAMENGO;FLUMINENSE;43.88;30.85;25.27;1;;
667;29;2018;INTERNACIONAL;SÃO PAULO;37.36;44.94;17.69;3;;
668;29;2018;PALMEIRAS;GRÊMIO;41.53;36.95;21.52;1;;
669;29;2018;SANTOS;CORINTHIANS;30.33;51.26;18.41;3;;
670;29;2018;VASCO DA GAMA;CRUZEIRO;25.77;57.06;17.17;3;;
671;30;2018;AMÉRICA;GRÊMIO;21.98;55.62;22.4;3;;
672;30;2018;BOTAFOGO;BAHIA;32.22;52.04;15.74;3;;
673;30;2018;CRUZEIRO;CHAPECOENSE;42.43;41.71;15.85;1;;
674;30;2018;FLUMINENSE;ATLÉTICO-MG;38.87;32.42;28.71;1;;
675;30;2018;INTERNACIONAL;SANTOS;45.76;35.02;19.22;1;;
676;30;2018;PALMEIRAS;CEARÁ;48.17;31.26;20.57;1;;
677;30;2018;PARANÁ;FLAMENGO;18.74;52.56;28.7;3;;
678;30;2018;SÃO PAULO;ATLÉTICO-PR;45.03;41.28;13.69;1;;
679;30;2018;SPORT;VASCO DA GAMA;36.17;41.38;22.45;3;;
680;30;2018;VITÓRIA;CORINTHIANS;41.71;24.33;33.96;1;;
681;31;2018;ATLÉTICO-PR;BOTAFOGO;49.72;34.58;15.7;1;;
682;31;2018;CEARÁ;ATLÉTICO-MG;41;40.1;18.9;1;;
683;31;2018;CHAPECOENSE;AMÉRICA;43.83;27.68;28.5;1;;
684;31;2018;CORINTHIANS;BAHIA;28.77;39.87;31.37;3;;
685;31;2018;CRUZEIRO;PARANÁ;59.96;24.4;15.65;1;;
686;31;2018;FLAMENGO;PALMEIRAS;35;38.52;26.48;3;;
687;31;2018;GRÊMIO;SPORT;59.52;25.23;15.25;1;;
688;31;2018;SANTOS;FLUMINENSE;34.35;43.32;22.33;3;;
689;31;2018;VASCO DA GAMA;INTERNACIONAL;32.93;43.95;23.13;3;;
690;31;2018;VITÓRIA;SÃO PAULO;25.6;37.4;37.01;3;;
691;32;2018;AMÉRICA;CRUZEIRO;18.84;56.56;24.6;3;;
692;32;2018;ATLÉTICO-MG;GRÊMIO;30.18;50.25;19.57;3;;
693;32;2018;BAHIA;CHAPECOENSE;41.69;46.51;11.8;3;;
694;32;2018;BOTAFOGO;CORINTHIANS;30.01;47.07;22.92;3;;
695;32;2018;FLUMINENSE;VASCO DA GAMA;25.55;42.81;31.64;3;;
696;32;2018;INTERNACIONAL;ATLÉTICO-PR;47.82;48.02;4.16;3;;
697;32;2018;PALMEIRAS;SANTOS;41.99;35.3;22.71;1;;
698;32;2018;PARANÁ;VITÓRIA;30.09;37.2;32.7;3;;
699;32;2018;SÃO PAULO;FLAMENGO;24.47;51.28;24.25;3;;
700;32;2018;SPORT;CEARÁ;31.82;35.74;32.44;3;;
701;33;2018;AMÉRICA;PARANÁ;48.84;37.31;13.84;1;;
702;33;2018;ATLÉTICO-MG;PALMEIRAS;21.39;49.93;28.68;3;;
703;33;2018;ATLÉTICO-PR;CRUZEIRO;50.3;37.35;12.35;1;;
704;33;2018;BOTAFOGO;FLAMENGO;17.87;43.52;38.61;3;;
705;33;2018;CEARÁ;INTERNACIONAL;28.76;50.02;21.22;3;;
706;33;2018;CORINTHIANS;SÃO PAULO;20.59;49.45;29.95;3;;
707;33;2018;FLUMINENSE;SPORT;49.71;16.78;33.51;1;;
708;33;2018;GRÊMIO;VASCO DA GAMA;43.59;35.92;20.49;1;;
709;33;2018;SANTOS;CHAPECOENSE;48.75;38.77;12.48;1;;
710;33;2018;VITÓRIA;BAHIA;19.88;39.75;40.38;2;;
711;34;2018;BAHIA;CEARÁ;33.61;44.82;21.57;3;;
712;34;2018;CHAPECOENSE;BOTAFOGO;38.9;35.14;25.96;1;;
713;34;2018;CRUZEIRO;CORINTHIANS;47.18;35.94;16.87;1;;
714;34;2018;FLAMENGO;SANTOS;32.99;37.79;29.22;3;;
715;34;2018;INTERNACIONAL;AMÉRICA;55.84;35.42;8.74;1;;
716;34;2018;PALMEIRAS;FLUMINENSE;58.69;25.3;16.01;1;;
717;34;2018;PARANÁ;ATLÉTICO-MG;35.01;38.99;26.01;3;;
718;34;2018;SÃO PAULO;GRÊMIO;18.23;56.6;25.17;3;;
719;34;2018;SPORT;VITÓRIA;39.78;36.04;24.18;1;;
720;34;2018;VASCO DA GAMA;ATLÉTICO-PR;41.93;47.04;11.04;3;;
721;35;2018;AMÉRICA;SANTOS;21.75;45.53;32.72;3;;
722;35;2018;ATLÉTICO-MG;BAHIA;38.58;43;18.42;3;;
723;35;2018;BOTAFOGO;INTERNACIONAL;26.97;51.67;21.37;3;;
724;35;2018;CORINTHIANS;VASCO DA GAMA;39.41;40.92;19.67;3;;
725;35;2018;FLUMINENSE;CEARÁ;36.95;30.8;32.24;1;;
726;35;2018;GRÊMIO;CHAPECOENSE;45.42;30.72;23.87;1;;
727;35;2018;PARANÁ;PALMEIRAS;7.45;55;37.54;3;;
728;35;2018;SÃO PAULO;CRUZEIRO;26.86;61.79;11.34;3;;
729;35;2018;SPORT;FLAMENGO;24.21;50.88;24.91;3;;
730;35;2018;VITÓRIA;ATLÉTICO-PR;29.75;47.11;23.14;3;;
731;36;2018;ATLÉTICO-PR;CORINTHIANS;61.86;25.91;12.23;1;;
732;36;2018;BAHIA;FLUMINENSE;38.66;41.74;19.6;3;;
733;36;2018;CEARÁ;PARANÁ;51.48;32.23;16.28;1;;
734;36;2018;CHAPECOENSE;SPORT;44.59;23.44;31.98;1;;
735;36;2018;CRUZEIRO;VITÓRIA;40.7;42.16;17.15;3;;
736;36;2018;FLAMENGO;GRÊMIO;32.26;42.83;24.91;3;;
737;36;2018;INTERNACIONAL;ATLÉTICO-MG;55.64;34.38;9.98;1;;
738;36;2018;PALMEIRAS;AMÉRICA;69.49;20.27;10.24;1;;
739;36;2018;SANTOS;BOTAFOGO;33.28;38.29;28.43;3;;
740;36;2018;VASCO DA GAMA;SÃO PAULO;24.83;48.41;26.76;3;;
741;37;2018;AMÉRICA;BAHIA;37.19;39.06;23.74;3;;
742;37;2018;ATLÉTICO-PR;CEARÁ;55.83;28.33;15.84;1;;
743;37;2018;BOTAFOGO;PARANÁ;59.49;22.66;17.85;1;;
744;37;2018;CORINTHIANS;CHAPECOENSE;41.18;36.16;22.66;1;;
745;37;2018;CRUZEIRO;FLAMENGO;33.95;42.21;23.84;3;;
746;37;2018;INTERNACIONAL;FLUMINENSE;49.28;31.46;19.27;1;;
747;37;2018;SANTOS;ATLÉTICO-MG;36.63;34;29.37;1;;
748;37;2018;SÃO PAULO;SPORT;41.35;44.93;13.72;3;;
749;37;2018;VASCO DA GAMA;PALMEIRAS;22.58;58.48;18.94;3;;
750;37;2018;VITÓRIA;GRÊMIO;20.62;41.91;37.48;3;;
751;38;2018;ATLÉTICO-MG;BOTAFOGO;31.31;49.96;18.72;3;;
752;38;2018;BAHIA;CRUZEIRO;41.45;47.23;11.32;3;;
753;38;2018;CEARÁ;VASCO DA GAMA;46.31;41.58;12.11;1;;
754;38;2018;CHAPECOENSE;SÃO PAULO;33.98;28.76;37.26;2;;
755;38;2018;FLAMENGO;ATLÉTICO-PR;45.28;38.54;16.18;1;;
756;38;2018;FLUMINENSE;AMÉRICA;42.38;32.88;24.75;1;;
757;38;2018;GRÊMIO;CORINTHIANS;49.05;30.61;20.34;1;;
